0,29554	NaN	0,2897	NaN	NaN	NaN	NaN	NaN
0,28867	0,29098	0,28437	0,28963	NaN	NaN	NaN	NaN
0,28385	0,28575	0,27887	0,28449	NaN	NaN	NaN	NaN
0,28285	0,28198	0,27335	0,27891	NaN	NaN	NaN	NaN
0,27876	0,28356	0,26819	0,27264	0,29091	NaN	NaN	NaN
0,26733	0,26938	0,26156	0,2603	0,28552	NaN	NaN	NaN
0,26242	0,26348	0,25592	0,25495	0,2794	NaN	NaN	NaN
0,26451	0,25827	0,25008	0,2492	0,27198	NaN	NaN	NaN
0,25149	0,25838	0,24618	0,24228	0,26563	NaN	NaN	NaN
0,24495	0,24721	0,2378	0,23543	0,26066	NaN	0,29011	0,19257
0,24292	0,24045	0,23185	0,22988	0,25522	NaN	0,28569	0,17795
0,23512	0,23254	0,22599	0,22425	0,24935	NaN	0,28027	0,16043
0,22794	0,22366	0,22297	0,21771	0,24106	NaN	0,27293	0,14364
0,2287	0,21672	0,21334	0,21051	0,2338	NaN	0,22423	0,07126
0,21635	0,21118	0,20723	0,20412	0,22899	NaN	0,21339	0,03496
0,2114	0,21134	0,20115	0,19851	0,22355	NaN	0,13109	0,02857
0,20549	0,19868	0,19859	0,19101	0,21724	NaN	0,10623	0,02506
0,19932	0,19241	0,18795	0,18331	0,20774	NaN	0,07992	0,02275
0,19408	0,19097	0,18189	0,17783	0,20166	NaN	0,03616	0,02098
0,18705	0,18046	0,17593	0,17181	0,19624	NaN	0,02927	0,0195
0,18129	0,17366	0,17228	0,16334	0,16389	NaN	0,02627	0,01816
0,17773	0,17093	0,16203	0,15629	0,16018	0,08865	0,02457	0,01693
0,16826	0,16118	0,15592	0,1507	0,15598	0,06438	0,0229	0,01592
0,16333	0,15515	0,15104	0,14395	0,14485	0,04453	0,02149	0,01496
0,15894	0,15445	0,14179	0,13294	0,14204	0,03453	0,02002	0,01412
0,15118	0,14198	0,1357	0,12805	0,06395	0,03068	0,01883	0,01334
0,14417	0,13836	0,12954	0,12229	0,04373	0,02825	0,01635	0,01222
0,13768	0,1294	0,1212	0,11069	0,03598	0,02453	0,01522	0,01144
0,13156	0,12597	0,11543	0,10074	0,0326	0,02249	0,01421	0,01076
0,12645	0,11676	0,10847	0,05078	0,02992	0,02068	0,01336	0,01016
0,12285	0,11332	0,09924	0,04111	0,02591	0,0191	0,01255	0,00966
0,11356	0,10472	0,09468	0,03454	0,02387	0,0177	0,01136	0,00907
0,10977	0,09855	0,0873	0,03023	0,02173	0,01552	0,01064	0,00852
0,10326	0,0949	0,05959	0,02653	0,01971	0,01446	0,01004	0,00781
0,09696	0,08717	0,05269	0,02238	0,01749	0,01353	0,00931	0,00749
0,09061	0,08233	0,04287	0,0202	0,0161	0,01222	0,00879	0,00714
0,08712	0,05693	0,03408	0,01877	0,0149	0,01138	0,00832	0,0069
0,07314	0,04874	0,02902	0,01674	0,01345	0,01052	0,00794	0,00662
0,05948	0,04015	0,02604	0,01529	0,01262	0,00991	0,00756	0,00641
0,05147	0,03434	0,02315	0,01407	0,01154	0,00928	0,00724	0,00619
0,04392	0,02992	0,02107	0,01312	0,01066	0,00877	0,00697	0,00603
0,03885	0,02717	0,01959	0,01223	0,01	0,00828	0,00672	0,00587
0,0348	0,02509	0,01832	0,01137	0,0094	0,00788	0,00651	0,00574
0,03163	0,02365	0,01734	0,01053	0,00885	0,00755	0,00633	0,00565
0,02911	0,02236	0,01626	0,00985	0,00796	0,00723	0,00615	0,00557
0,02702	0,02147	0,01526	0,00922	0,00758	0,00693	0,00598	0,00547
0,02512	0,02079	0,01405	0,00856	0,00726	0,00668	0,00586	0,00539
0,02293	0,01947	0,01275	0,0078	0,00696	0,00628	0,00575	0,00534
0,0235	0,02	0,01247	0,00717	0,00623	0,00605	0,00567	0,0053
0,02435	0,02059	0,0119	0,00689	0,00584	0,0057	0,00558	0,00526
0,02543	0,02099	0,01143	0,00704	0,00555	0,00542	0,00539	0,00523
0,02673	0,0211	0,01111	0,00728	0,00552	0,00518	0,00518	0,00519
0,02823	0,02115	0,01097	0,0075	0,0058	0,00516	0,00502	0,0051
0,03389	0,02069	0,01098	0,00765	0,00612	0,00545	0,00489	0,00497
0,03656	0,02054	0,01114	0,00784	0,00643	0,00576	0,00478	0,00494
0,03907	0,01993	0,0114	0,0081	0,00671	0,00606	0,00502	0,00494
0,0415	0,01994	0,01172	0,0084	0,00695	0,00638	0,00533	0,00503
0,04386	0,01999	0,0121	0,00872	0,00723	0,00665	0,00571	0,00507
0,04621	0,02006	0,0125	0,00908	0,00755	0,00695	0,00618	0,00547
0,04863	0,02015	0,01293	0,00949	0,0079	0,00737	0,0068	0,00608
0,05064	0,02038	0,01337	0,00991	0,00837	0,00791	0,00745	0,00726
0,05293	0,0205	0,01385	0,0104	0,00903	0,00865	0,00816	0,00777
0,05402	0,02072	0,01437	0,01104	0,0099	0,00953	0,00883	0,00822
0,04884	0,02104	0,01499	0,012	0,01094	0,01043	0,00945	0,00862
0,03858	0,02149	0,01589	0,01328	0,01198	0,0113	0,01002	0,00904
0,03726	0,02241	0,01753	0,01476	0,01294	0,01208	0,0106	0,00948
0,03965	0,02481	0,01983	0,01619	0,01384	0,01281	0,01116	0,00996
0,04389	0,028	0,02217	0,01751	0,01478	0,0136	0,01176	0,01046
0,04932	0,03149	0,02428	0,0189	0,01575	0,01441	0,01239	0,01097
0,05578	0,03502	0,02665	0,0204	0,01673	0,01527	0,0131	0,01151
0,06347	0,03925	0,02932	0,02226	0,01795	0,01627	0,01378	0,01205
0,07122	0,04454	0,03242	0,02421	0,01916	0,0172	0,01458	0,0127
0,15314	0,05054	0,03532	0,02671	0,02084	0,01863	0,0153	0,01338
0,16079	0,05598	0,03943	0,0291	0,02246	0,01985	0,01622	0,01398
0,16853	0,06218	0,04356	0,03218	0,02447	0,02133	0,01746	0,01467
0,17514	0,06952	0,04807	0,03528	0,02774	0,02338	0,01853	0,0155
0,18227	0,07885	0,05295	0,03862	0,03038	0,02602	0,01982	0,01653
0,18895	0,09094	0,06046	0,04233	0,03363	0,02857	0,02131	0,01778
0,19641	0,16233	0,06793	0,04646	0,03728	0,03163	0,02328	0,01895
0,20314	0,16492	0,07763	0,05199	0,04186	0,03529	0,02625	0,02037
0,21192	0,17138	0,08961	0,05816	0,04788	0,0399	0,02922	0,02189
0,22108	0,1783	0,1367	0,06562	0,05432	0,0459	0,03193	0,0239
0,2247	0,18273	0,19216	0,07479	0,06084	0,05413	0,03566	0,02619
0,22891	0,19246	0,19879	0,08608	0,06808	0,06055	0,04019	0,02898
0,2365	0,19463	0,20659	0,10041	0,07621	0,06822	0,04543	0,03253
0,24771	0,20507	0,21492	0,11911	0,08552	0,07694	0,05158	0,0369
0,24822	0,20709	0,22072	0,15161	0,09543	0,08665	0,05902	0,0425
0,25574	0,21806	0,23007	0,22724	0,10643	0,09723	0,06764	0,04769
0,2626	0,21981	0,23616	0,23712	0,11812	0,10845	0,07773	0,05372
0,26655	0,22703	0,24221	0,24292	0,13116	0,12031	0,08974	0,06089
0,28058	0,23364	0,25159	0,24987	0,14397	0,13238	0,10293	0,06972
0,27856	0,23949	0,25637	0,25999	0,16208	0,1454	0,11703	0,07887
0,28789	0,25173	0,2624	0,26668	NaN	0,15869	0,13162	0,08989
0,29061	0,25346	0,27062	0,27278	NaN	0,17399	0,14578	0,10137
0,29746	0,26014	0,27581	0,28312	NaN	0,19229	0,16103	0,1155
0,30485	0,27201	0,28186	0,29065	NaN	0,27614	0,17708	0,12909
0,3072	0,27464	0,28758	0,29719	NaN	0,28307	0,1904	0,14496
0,32169	0,28158	0,29606	NaN	NaN	0,28984	0,20291	0,16209
NaN	0,29003	0,30059	NaN	NaN	0,29666	0,21578	0,18107
NaN	0,29739	0,30627	NaN	NaN	NaN	0,23129	NaN
NaN	NaN	NaN	NaN	NaN	NaN	NaN	NaN
