-0,7887	NaN	-0,7751	NaN	NaN	NaN	NaN	NaN
-0,7716	-0,779	-0,7595	-0,7766	NaN	NaN	NaN	NaN
-0,7564	-0,7636	-0,7439	-0,761	NaN	NaN	NaN	NaN
-0,7448	-0,7497	-0,7286	-0,7453	NaN	NaN	NaN	NaN
-0,7318	-0,7424	-0,7153	-0,7294	-0,7827	NaN	NaN	NaN
-0,7096	-0,718	-0,6974	-0,6988	-0,767	NaN	NaN	NaN
-0,6941	-0,7013	-0,6812	-0,6825	-0,7511	NaN	NaN	NaN
-0,6876	-0,6858	-0,6654	-0,6665	-0,7358	NaN	NaN	NaN
-0,664	-0,6783	-0,6554	-0,6524	-0,7207	NaN	NaN	NaN
-0,6461	-0,6567	-0,6361	-0,6379	-0,7044	NaN	-0,7929	-0,7953
-0,6358	-0,6383	-0,6188	-0,6206	-0,6881	NaN	-0,7769	-0,815
-0,6187	-0,614	-0,603	-0,6046	-0,672	NaN	-0,7611	-0,8514
-0,5995	-0,5956	-0,5995	-0,5896	-0,658	NaN	-0,7451	-0,8909
-0,5964	-0,5764	-0,5761	-0,5854	-0,6441	NaN	-0,5068	-1,2687
-0,57	-0,5621	-0,5585	-0,5623	-0,6266	NaN	-0,6091	-1,4505
-0,5563	-0,5641	-0,5436	-0,5464	-0,6104	NaN	-0,7884	-1,4633
-0,5436	-0,5352	-0,5502	-0,538	-0,5949	NaN	-0,8743	-1,466
-0,5272	-0,5183	-0,5187	-0,5274	-0,5866	NaN	-0,9868	-1,4733
-0,5176	-0,5212	-0,5032	-0,5097	-0,5701	NaN	-1,1998	-1,4673
-0,4995	-0,4978	-0,4953	-0,496	-0,554	NaN	-1,2218	-1,4506
-0,4892	-0,4795	-0,5098	-0,5008	-0,3874	NaN	-1,2378	-1,4071
-0,4842	-0,4846	-0,4704	-0,4823	-0,3729	-0,7916	-1,2331	-1,3541
-0,4602	-0,4608	-0,4589	-0,4676	-0,3628	-0,8881	-1,2207	-1,2986
-0,456	-0,4486	-0,4789	-0,4588	-0,3693	-0,9518	-1,2019	-1,2417
-0,4515	-0,478	-0,4513	-0,475	-0,3559	-0,983	-1,1467	-1,183
-0,4339	-0,4304	-0,4347	-0,4536	-0,7997	-1,0099	-1,0889	-1,1287
-0,4197	-0,4438	-0,449	-0,4425	-0,866	-1,021	-1,0359	-1,0754
-0,4088	-0,4166	-0,4392	-0,4619	-0,9048	-1,037	-0,9822	-1,0171
-0,4	-0,4399	-0,4213	-0,469	-0,9372	-1,0122	-0,9227	-0,9559
-0,3975	-0,4073	-0,4339	-0,6604	-0,9423	-0,9545	-0,86	-0,8909
-0,4077	-0,4422	-0,451	-0,7592	-0,9512	-0,8947	-0,7958	-0,8346
-0,3766	-0,4021	-0,4244	-0,7896	-0,9238	-0,8367	-0,7412	-0,7718
-0,3846	-0,407	-0,4508	-0,7868	-0,8645	-0,7785	-0,6782	-0,717
-0,3702	-0,4537	-0,5918	-0,7642	-0,8063	-0,7117	-0,6128	-0,6111
-0,3567	-0,4146	-0,6066	-0,7053	-0,7473	-0,6556	-0,5566	-0,5586
-0,3395	-0,462	-0,6323	-0,642	-0,6805	-0,5912	-0,4988	-0,5063
-0,3493	-0,5633	-0,635	-0,5739	-0,623	-0,5206	-0,4429	-0,4531
-0,4848	-0,5579	-0,613	-0,5086	-0,5569	-0,4618	-0,3886	-0,4005
-0,5143	-0,5509	-0,5809	-0,4419	-0,4908	-0,3953	-0,3355	-0,3478
-0,5043	-0,5269	-0,5442	-0,3698	-0,4248	-0,3404	-0,2825	-0,2945
-0,4843	-0,4943	-0,4697	-0,3041	-0,3539	-0,2833	-0,2294	-0,2414
-0,4534	-0,4556	-0,3928	-0,23	-0,296	-0,2277	-0,1766	-0,1878
-0,4175	-0,4162	-0,317	-0,1623	-0,2337	-0,1732	-0,1241	-0,1342
-0,3783	-0,3768	-0,2387	-0,0926	-0,1753	-0,1193	-0,0715	-0,0805
-0,3365	-0,3386	-0,1656	-0,0327	-0,0665	-0,0662	-0,0192	-0,0267
-0,2953	-0,3016	-0,0957	0,0258	-0,014	-0,0137	0,0328	0,0268
-0,2571	-0,229	-0,0293	0,0814	0,039	0,0383	0,0849	0,0803
-0,1546	-0,1535	0,0346	0,1291	0,091	0,1411	0,1369	0,134
-0,1256	-0,0028	0,1909	0,175	0,1896	0,1911	0,189	0,1878
-0,0956	0,0871	0,3444	0,2334	0,2348	0,2385	0,2408	0,2413
-0,0654	0,1672	0,3989	0,3208	0,2788	0,2846	0,2913	0,2952
-0,035	0,2597	0,4508	0,4073	0,3354	0,3289	0,3408	0,3489
-0,0048	0,336	0,5001	0,4952	0,4164	0,3824	0,3896	0,4022
0,1464	0,429	0,548	0,5601	0,4918	0,4625	0,4371	0,4536
0,2222	0,496	0,5937	0,6016	0,5694	0,5347	0,4855	0,5049
0,2918	0,5764	0,6388	0,6438	0,6494	0,61	0,5605	0,5553
0,3577	0,6319	0,6839	0,6865	0,6943	0,6851	0,6316	0,6026
0,4236	0,687	0,7288	0,7294	0,7375	0,7457	0,7006	0,6471
0,4784	0,7413	0,7731	0,7721	0,7807	0,7893	0,7693	0,7112
0,5251	0,7951	0,8164	0,8143	0,8243	0,8315	0,8435	0,783
0,5886	0,844	0,8579	0,8567	0,8666	0,8725	0,8823	0,9095
0,635	0,8924	0,8979	0,8978	0,9063	0,9108	0,9202	0,9765
0,6994	0,9357	0,9363	0,9366	0,9436	0,9478	0,9595	1,0266
0,8302	0,9725	0,9716	0,9712	0,9787	0,9851	1,0002	1,0702
0,9849	1,0027	1,0015	1,0025	1,0142	1,023	1,0423	1,1141
1,0333	1,0214	1,022	1,0318	1,0506	1,062	1,0847	1,1579
1,0631	1,0291	1,0362	1,061	1,0879	1,1017	1,1276	1,202
1,0986	1,045	1,0488	1,0899	1,1236	1,14	1,1696	1,2462
1,1265	1,0784	1,0669	1,1124	1,1574	1,1772	1,2104	1,2903
1,1345	1,1168	1,0869	1,1341	1,186	1,2111	1,2494	1,3338
1,1072	1,1595	1,1129	1,1518	1,2104	1,2382	1,288	1,3767
1,088	1,1919	1,1464	1,1702	1,2367	1,268	1,3197	1,4172
0,7218	1,2256	1,1792	1,1844	1,256	1,2901	1,352	1,4553
0,7301	1,2126	1,2125	1,2024	1,2785	1,3174	1,3825	1,4894
0,741	1,1846	1,23	1,2154	1,2965	1,3417	1,4089	1,524
0,7481	1,1451	1,2405	1,2311	1,2997	1,3587	1,4395	1,5572
0,7602	1,0969	1,2449	1,2456	1,316	1,3702	1,4676	1,5877
0,7717	1,0467	1,2306	1,2576	1,3279	1,3868	1,4937	1,615
0,7873	0,6516	1,1941	1,2678	1,3383	1,4001	1,5145	1,6443
0,801	0,6181	1,1536	1,2697	1,3421	1,41	1,5238	1,6708
0,8226	0,6275	1,1115	1,2632	1,3353	1,4136	1,5368	1,6969
0,8448	0,6478	0,9172	1,2504	1,3283	1,4076	1,5556	1,7175
0,8512	0,6347	0,8306	1,2301	1,3252	1,3863	1,5654	1,7365
0,8574	0,6664	0,8456	1,2015	1,3189	1,3853	1,5704	1,7509
0,8746	0,6501	0,8825	1,162	1,3094	1,3765	1,5717	1,7594
0,9014	0,6794	0,861	1,1092	1,2942	1,3626	1,5684	1,7624
0,9033	0,6641	0,8812	1,0133	1,2779	1,3437	1,5577	1,757
0,9198	0,6949	0,9068	0,7359	1,258	1,322	1,5406	1,7594
0,9378	0,6797	0,8985	0,729	1,237	1,2991	1,5157	1,7564
0,9468	0,6961	0,9157	0,7406	1,2117	1,2749	1,48	1,7467
0,9759	0,6992	0,9427	0,7554	1,1904	1,253	1,4395	1,726
0,9765	0,7052	0,939	0,7517	1,1494	1,2279	1,3963	1,7052
0,9979	0,7317	0,9544	0,761	NaN	1,2045	1,3527	1,6731
1,0063	0,7205	0,9807	0,7772	NaN	1,1752	1,3159	1,6397
1,0236	0,7288	0,9817	0,7747	NaN	1,1381	1,2773	1,5917
1,0386	0,7512	0,995	0,7826	NaN	0,7819	1,2399	1,5487
1,0489	0,7436	1,0118	0,7918	NaN	0,7902	1,2177	1,4957
1,073	0,7511	1,0293	NaN	NaN	0,7986	1,2018	1,4401
NaN	0,7645	1,0364	NaN	NaN	0,8069	1,1863	1,382
NaN	0,7683	1,0505	NaN	NaN	NaN	1,1653	NaN
NaN	NaN	NaN	NaN	NaN	NaN	NaN	NaN
